temp	mass	metabolism	activity	longevity
20	0.0053475	0.006209339	0.00408803	16.75
20	0.00535	0.007019945	0.004228644	17.75
20	0.00491	0.005770204	0.005910644	16.5
20	0.004865	0.006541586	0.005792739	8.25
20	0.00461	0.006001528	0.003031616	19.5
20	0.00459	0.005498386	0.001248922	16.5
20	0.00645	0.007733127	0.002994787	24.5
20	0.0062475	0.007718681	0.001310697	23
20	0.005385	0.007560844	0.001142266	10
20	0.00452	0.006585158	0.008877561	16.25
20	0.004564	0.005285048	0.002425968	8
20	0.00563	0.006451009	0.001075767	10
20	0.00514	0.005876948	0.00221522	9
20	0.00481	0.006023835	0.002357361	8.75
20	0.004828	0.005689436	0.005841626	20.4
20	0.004835	0.006416208	0.009880596	20.5
20	0.0043175	0.005557905	0.007057052	13
20	0.0045625	0.005392678	0.003709615	25.5
20	0.0048775	0.005529656	0.002306142	14.75
20	0.0048075	0.005630669	0.00106201	21.25
20	0.004588	0.005099951	0.007786556	23
20	0.0041	0.005373953	0.007680804	9.25
20	0.0048775	0.006450723	0.001565826	10.25
20	0.004815	0.005740545	0.009317133	14.75
20	0.005205	0.006724512	0.008994717	11.25
20	0.00469	0.00488963	0.004483716	18
20	0.0050575	0.006734362	0.004028723	8.5
20	0.00496	0.006801281	0.008390643	16.5
20	0.00493	0.007056052	0.012646029	10.5
20	0.00492	0.006306978	0.005398887	20
20	0.00482	0.00553029	0.009053461	8.8
20	0.0047475	0.005759749	0.011868929	16.75
20	0.0055425	0.00780361	0.00925895	11.75
20	0.00483	0.005486628	0.010270368	12.2
20	0.004072	0.004613384	0.005319094	10.4
20	0.00399	0.004624671	0.010775657	16
20	0.0038975	0.004935304	0.006527621	11.5
20	0.0048375	0.005922506	0.009775091	10.75
20	0.004845	0.006136829	0.003101111	15.75
20	0.003938	0.004479086	0.002959339	10.2
20	0.004415	0.005339265	0.004776043	10
20	0.0049	0.006094611	0.003889175	9.75
20	0.0049675	0.005530833	0.011620524	16.33333333
20	0.006245	0.007128819	0.001169504	19
20	0.00571	0.006818659	0.003782044	9.8
20	0.0061175	0.007231082	0.003539753	21.25
20	0.0045275	0.005716238	0.009809447	12
20	0.0049975	0.005833552	0.003511554	17.5
20	0.0045525	0.004873699	0.006724368	12
20	0.00529	0.006349444	0.013430715	10.25
20	0.004345	0.005630285	0.005865457	10.25
20	0.0050475	0.006245074	0.00676921	9.75
20	0.0040725	0.005132851	0.002807817	9.75
20	0.00399	0.005129487	0.006376669	12
20	0.0055225	0.007569395	0.012583416	9.75
20	0.00556	0.00667643	0.004396597	12
20	0.00486	0.00585533	0.005141458	9.25
20	0.00479	0.006302191	0.003989996	19.5
20	0.00422	0.005698922	0.007805341	11.25
20	0.00468	0.005744751	0.002015373	17.25
20	0.0043975	0.005706916	0.002412056	19.25
20	0.0057425	0.006650084	0.007210915	15.5
20	0.00572	0.007152366	0.003881236	16.25
20	0.00537	0.006781684	0.001084486	10.25
20	0.005135	0.005988839	0.004446432	20
20	0.005086	0.005809622	0.004510601	14
20	0.0054275	0.007207245	0.002380317	8.25
20	0.0055325	0.007433874	0.004200641	13
20	0.005812	0.007458911	0.007783574	7.2
20	0.005272	0.006184561	0.004336271	11.2
20	0.0050525	0.006057211	0.006807554	22.5
20	0.0058425	0.007036505	0.002547561	19.75
20	0.005335	0.007212951	0.009039808	18.25
20	0.004715	0.006252194	0.017066087	15.75
20	0.005225	0.007354417	0.011031203	18
20	0.005005	0.005854403	0.001152161	14.75
20	0.0052675	0.006441561	0.001505106	11.25
20	0.004885	0.006115992	0.009060056	13.5
20	0.0048175	0.006155031	0.019767132	11
20	0.004412	0.006310269	0.024452686	8.4
20	0.00498	0.006252268	0.006760495	18
28	0.00535	0.007658045	0.004150501	10.75
28	0.006195	0.007958273	0.004980324	10.75
28	0.0058225	0.009184679	0.005903469	11.25
28	0.0057025	0.008453781	0.008931049	7.25
28	0.005495	0.008825394	0.003184318	9.75
28	0.005288	0.009066357	0.004493575	10.4
28	0.0055725	0.009307971	0.00543757	8.5
28	0.00558	0.009365487	0.005603651	7.75
28	0.004992	0.008676003	0.003264001	7
28	0.00551	0.009180365	0.002378483	11.75
28	0.0061625	0.00850938	0.001184356	10.25
28	0.005516	0.007640215	0.006599033	9
28	0.00652	0.009316118	0.002387656	13
28	0.005282	0.007970455	0.006252959	9.6
28	0.0066675	0.011215746	0.001304379	13
28	0.0056775	0.008915913	0.001361437	14.25
28	0.005728	0.008805361	0.001998704	12.4
28	0.005265	0.00892064	0.004343162	6.25
28	0.004706	0.008396732	0.023369678	6.4
28	0.00496	0.0072657	0.001475587	11.25
28	0.005318	0.008207782	0.020353863	9.2
28	0.004775	0.007287798	0.001733024	7.75
28	0.005188	0.007210941	0.022305073	14.6
28	0.005356	0.01008342	0.014203327	5.4
28	0.00541	0.010598809	0.004626232	9.25
28	0.0061075	0.007444498	0.013498233	8.75
28	0.005894	0.00835657	0.006698843	7.2
28	0.005465	0.008025796	0.009310911	9.75
28	0.005518	0.009659934	0.005910952	8.2
28	0.004996	0.008302014	0.00510276	8.2
28	0.005965	0.009946298	0.002044348	14.75
28	0.00504	0.007111538	0.007983503	8.5
28	0.005045	0.007714288	0.006796168	7.75
28	0.0057	0.009856656	0.001327937	11.75
28	0.00506	0.009046907	0.002500073	10
28	0.00509	0.008142992	0.001022382	7.2
28	0.00446	0.007560988	0.027714538	11.6
28	0.0049875	0.007489573	0.002811105	7.25
28	0.0055975	0.00985376	0.003586133	11
28	0.0053125	0.008820076	0.002121371	10.75
28	0.0055025	0.009625053	0.003421165	13.5
28	0.004552	0.006564671	0.006452117	6.8
28	0.005925	0.009647211	0.001823646	13.5
28	0.00728	0.008535605	0.002889788	11.75
28	0.0066375	0.010755595	0.0028213	12.5
28	0.0054925	0.011472313	0.001254197	9.75
28	0.0049325	0.007262291	0.003947352	7.75
28	0.0049975	0.008530162	0.002562737	10.75
28	0.0052375	0.008648469	0.001820543	8.25
28	0.0038875	0.006117744	0.002790564	6.5
28	0.0048075	0.008313189	0.004442426	7.5
28	0.004875	0.006654571	0.002808482	11.5
28	0.005022	0.007938771	0.014154465	8.73125
28	0.006008	0.00882002	0.000938028	9.6
28	0.0051425	0.0076339	0.002610658	7.25
28	0.00522	0.008798263	0.001150469	7.25
28	0.00498	0.007638107	0.005868431	11.5
28	0.0059075	0.009131409	0.003650665	11.5
28	0.0047625	0.007303146	0.001771315	12.25
28	0.0054775	0.008438123	0.00315683	8.75
28	0.004898	0.007310308	0.009997442	6.6
28	0.005016	0.007684747	0.002266837	6.4
28	0.005035	0.008232184	0.004991202	11.5
28	0.0052375	0.008426721	0.011511858	14.25
28	0.0064425	0.009881174	0.005261313	11
28	0.005656	0.008236803	0.001663729	8.4
28	0.0061575	0.009176349	0.007274643	16.25
28	0.006414	0.010080603	0.003163956	14
28	0.005825	0.007687884	0.010476095	8.75
28	0.006168	0.008624895	0.003150691	13
28	0.006185	0.010603295	0.025401138	8.5
28	0.005606	0.009101881	0.002254978	6.8
28	0.00647	0.008552226	0.007882993	12.25
28	0.0063325	0.0086305	0.005380059	11.75
28	0.006046	0.009046028	0.007484795	11.6
28	0.0056975	0.008382156	0.001745001	11.75
28	0.0055625	0.008791464	0.002538728	8
28	0.0058025	0.008733646	0.002410164	9.25
28	0.004748	0.007864799	0.002240976	5.2
