FGFR4|5|177086905|ENSP00000377254|ENSP00000377254.1	NP_075252.2	100.000	762	0	0	1	762	1	762	0.0	1557
FGFR4|5|177086905|ENSP00000377254|ENSP00000377254.1	NP_998812.1	93.017	802	16	4	1	762	1	802	0.0	1486
SPDL1|5|169583636|ENSP00000265295|ENSP00000265295.4	NP_060255.3	100.000	605	0	0	1	605	1	605	0.0	1207
SPDL1|5|169583636|ENSP00000265295|ENSP00000265295.4	NP_001316570.1	100.000	605	0	0	1	605	1	605	0.0	1207
LMNB1|5|126776623|ENSP00000261366|ENSP00000261366.5	NP_005564.1	100.000	586	0	0	1	586	1	586	0.0	1185
LMNB1|5|126776623|ENSP00000261366|ENSP00000261366.5	NP_001185486.1	100.000	376	0	0	211	586	1	376	0.0	769
SRP19|5|112861188|ENSP00000282999|ENSP00000282999.3	NP_001191122.1	100.000	110	0	0	1	110	1	110	3.05e-80	232
SRP19|5|112861188|ENSP00000282999|ENSP00000282999.3	NP_003126.1	95.283	106	5	0	1	106	1	106	5.91e-73	215
TBCA|5|77691166|ENSP00000369736|ENSP00000369736.4	NP_004598.1	100.000	108	0	0	1	108	1	108	1.08e-70	207
TBCA|5|77691166|ENSP00000369736|ENSP00000369736.4	NP_001284667.1	100.000	82	0	0	1	82	1	82	3.89e-53	164
DIMT1|5|62347284|ENSP00000199320|ENSP00000199320.4	NP_055288.1	100.000	313	0	0	1	313	1	313	0.0	640
DIMT1|5|62347284|ENSP00000199320|ENSP00000199320.4	NP_001335005.1	99.623	265	1	0	1	265	1	265	0.0	542
GFPT2|ENSG00000131459:ENST00000253778.13|ENSP00000253778	NP_005101.1	100.000	682	0	0	1	682	1	682	0.0	1412
GFPT2|ENSG00000131459:ENST00000253778.13|ENSP00000253778	NP_002047.2	79.124	685	136	3	1	682	1	681	0.0	1147
MAP3K1|ENSG00000095015:ENST00000399503.4|ENSP00000382423	NP_005912.1	100.000	1512	0	0	1	1512	1	1512	0.0	3121
MAP3K1|ENSG00000095015:ENST00000399503.4|ENSP00000382423	XP_016864973.1	100.000	1351	0	0	162	1512	25	1375	0.0	2805
GNPDA1|ENSG00000113552:ENST00000513454.5|ENSP00000423494	XP_005268405.1	97.727	264	6	0	1	264	30	293	0.0	539
GNPDA1|ENSG00000113552:ENST00000513454.5|ENSP00000423494	XP_024310087.1	97.727	264	6	0	1	264	1	264	0.0	538
