FGFR4|5|177086905|ENSP00000377254|ENSP00000377254.1	NP_571505.1	62.350	749	236	6	45	747	151	899	0.0	914
FGFR4|5|177086905|ENSP00000377254|ENSP00000377254.1	NP_571505.1	42.308	104	57	1	248	351	36	136	4.14e-15	80.9
SPDL1|5|169583636|ENSP00000265295|ENSP00000265295.4	NP_001098412.1	47.557	614	281	9	4	605	6	590	8.87e-144	430
SPDL1|5|169583636|ENSP00000265295|ENSP00000265295.4	XP_021336729.1	47.068	614	284	9	4	605	12	596	1.20e-141	425
LMNB1|5|126776623|ENSP00000261366|ENSP00000261366.5	XP_005155613.1	69.966	586	174	2	2	586	4	588	0.0	748
LMNB1|5|126776623|ENSP00000261366|ENSP00000261366.5	NP_694504.2	69.625	586	176	2	2	586	4	588	0.0	746
SRP19|5|112861188|ENSP00000282999|ENSP00000282999.3	NP_998508.1	72.043	93	25	1	8	100	7	98	2.64e-45	144
SRP19|5|112861188|ENSP00000282999|ENSP00000282999.3	NP_958878.1	46.667	30	15	1	77	105	68	97	0.33	31.2
TBCA|5|77691166|ENSP00000369736|ENSP00000369736.4	NP_957348.1	75.000	108	27	0	1	108	1	108	1.12e-40	131
TBCA|5|77691166|ENSP00000369736|ENSP00000369736.4	XP_005162590.3	34.615	52	30	1	24	71	222	273	0.22	31.6
DIMT1|5|62347284|ENSP00000199320|ENSP00000199320.4	NP_001003556.2	82.748	313	47	3	1	313	1	306	0.0	533
DIMT1|5|62347284|ENSP00000199320|ENSP00000199320.4	XP_005169937.1	26.838	272	163	9	34	274	33	299	3.63e-12	67.4
GFPT2|ENSG00000131459:ENST00000253778.13|ENSP00000253778	NP_001030153.1	78.686	685	140	3	1	682	1	682	0.0	1135
GFPT2|ENSG00000131459:ENST00000253778.13|ENSP00000253778	NP_001029093.1	78.184	683	146	3	1	682	1	681	0.0	1115
MAP3K1|ENSG00000095015:ENST00000399503.4|ENSP00000382423	XP_005155564.1	66.061	1541	429	25	3	1512	2	1479	0.0	1889
MAP3K1|ENSG00000095015:ENST00000399503.4|ENSP00000382423	XP_688694.2	43.446	267	142	7	1243	1507	356	615	1.32e-59	218
GNPDA1|ENSG00000113552:ENST00000513454.5|ENSP00000423494	NP_001017867.1	86.742	264	35	0	1	264	1	264	1.71e-174	483
GNPDA1|ENSG00000113552:ENST00000513454.5|ENSP00000423494	XP_684147.2	84.470	264	41	0	1	264	1	264	1.20e-173	481
