FGFR4|5|177086905|ENSP00000377254|ENSP00000377254.1	XP_025010744.1	69.496	754	186	5	50	759	47	800	0.0	1001
FGFR4|5|177086905|ENSP00000377254|ENSP00000377254.1	XP_015149349.1	69.404	755	186	5	50	759	47	801	0.0	1001
SPDL1|5|169583636|ENSP00000265295|ENSP00000265295.4	XP_414505.3	59.543	613	235	7	1	605	1	608	0.0	620
SPDL1|5|169583636|ENSP00000265295|ENSP00000265295.4	XP_004944844.2	59.543	613	235	7	1	605	1	608	0.0	620
LMNB1|5|126776623|ENSP00000261366|ENSP00000261366.5	NP_990617.1	79.316	585	118	2	2	586	3	584	0.0	868
LMNB1|5|126776623|ENSP00000261366|ENSP00000261366.5	NP_990616.1	57.661	607	226	7	3	586	2	600	0.0	635
SRP19|5|112861188|ENSP00000282999|ENSP00000282999.3	XP_001233375.2	80.189	106	21	0	1	106	1	106	8.19e-59	178
SRP19|5|112861188|ENSP00000282999|ENSP00000282999.3	XP_015133929.1	41.935	31	18	0	1	31	1186	1216	0.55	30.4
TBCA|5|77691166|ENSP00000369736|ENSP00000369736.4	NP_001161201.1	82.407	108	19	0	1	108	1	108	2.28e-43	138
TBCA|5|77691166|ENSP00000369736|ENSP00000369736.4	XP_025003606.1	31.818	66	37	2	1	58	266	331	1.2	29.3
DIMT1|5|62347284|ENSP00000199320|ENSP00000199320.4	XP_424746.3	81.470	313	52	1	1	313	1	307	0.0	530
DIMT1|5|62347284|ENSP00000199320|ENSP00000199320.4	XP_426165.4	28.713	202	118	5	34	211	33	232	6.46e-13	69.7
GFPT2|ENSG00000131459:ENST00000253778.13|ENSP00000253778	XP_424573.3	92.669	682	50	0	1	682	1	682	0.0	1307
GFPT2|ENSG00000131459:ENST00000253778.13|ENSP00000253778	XP_015149431.1	92.647	680	50	0	3	682	28	707	0.0	1300
MAP3K1|ENSG00000095015:ENST00000399503.4|ENSP00000382423	XP_015133061.1	82.904	1474	214	17	53	1512	108	1557	0.0	2258
MAP3K1|ENSG00000095015:ENST00000399503.4|ENSP00000382423	XP_015154862.1	43.284	268	137	8	1243	1505	388	645	9.22e-58	213
GNPDA1|ENSG00000113552:ENST00000513454.5|ENSP00000423494	NP_001006156.1	89.773	264	27	0	1	264	1	264	0.0	502
GNPDA1|ENSG00000113552:ENST00000513454.5|ENSP00000423494	XP_015140967.1	87.984	258	31	0	1	258	1	258	1.01e-174	483
