Sample.ID	adaptation	temperature	co2	water.loss	body.size	weight.loss	eggs
aphla13	heat.adapted	23	0.010226707	4.282451213	0.0161	0.0016	44
R8	cold.adapted	23	0.009278227	4.74839	0.0151	0.0018	36
Z15	heat.adapted	23	0.01059	5.645980167	0.0167	0.0013	43
aphla3	heat.adapted	23	0.010926667	5.729641867	0.0202	0.0018	44
Y13	heat.adapted	23	0.01003014	5.745328733	0.0175	0.0019	37
Z10	heat.adapted	23	0.01162	5.825504933	0.0179	0.0007	39
Z12	heat.adapted	23	0.009174667	5.939753133	0.019	0.0021	23
Z7	heat.adapted	23	0.009141873	6.2707364	0.0163	0.0016	34
P14	cold.adapted	23	0.009670667	6.461461533	0.0144	0.0014	39
Y15	heat.adapted	23	0.013836967	6.476219067	0.0187	0.0011	52
aphla10	heat.adapted	23	0.010215113	6.529001667	0.0173	0.0009	30
aphla15	heat.adapted	23	0.011226667	6.599995267	0.0185	0.0017	33
Z13	heat.adapted	23	0.011096307	6.6529092	0.0168	0.0019	35
Z5	heat.adapted	23	0.012893987	6.775527667	0.0194	0.0022	44
Y10	heat.adapted	23	0.010970933	6.8371086	0.0176	0.0013	38
Y4	heat.adapted	23	0.012630707	6.984168133	0.019	0.0012	42
Z16	heat.adapted	23	0.0125256	7.089565667	0.0197	0.001	32
aphla16	heat.adapted	23	0.011386013	7.120459533	0.019	0.0016	36
Y7	heat.adapted	23	0.010592667	7.1331748	0.0154	0.0017	38
gamma13	heat.adapted	23	0.010168	7.169368467	0.0157	1E-04	35
aphla19	heat.adapted	23	0.0121566	7.18168	0.0194	0.0014	51
O11	cold.adapted	23	0.010911573	7.2542208	0.0172	0.0015	46
Y12	heat.adapted	23	0.008672	7.297798867	0.0163	0.0013	39
Y9	heat.adapted	23	0.008013333	7.3443626	0.0163	0.001	40
Z4	heat.adapted	23	0.010772667	7.3773248	0.0182	0.0017	37
aphla9	heat.adapted	23	0.008128667	7.381027467	0.018	0.0019	37
X10	heat.adapted	23	0.011952907	7.460525133	0.0179	0.001	28
Y6	heat.adapted	23	0.011773333	7.506786267	0.0181	0.0015	47
Z9	heat.adapted	23	0.008748	7.5219282	0.0182	0.0023	40
X12	heat.adapted	23	0.01141558	7.5234346	0.0176	0.0006	35
Z17	heat.adapted	23	0.010399867	7.659234067	0.017	0.001	36
Y16	heat.adapted	23	0.01226066	7.6853298	0.0178	0.0014	44
Z22	heat.adapted	23	0.00988	7.697213067	0.0161	0.0015	37
Z6	heat.adapted	23	0.008582	7.704437067	0.017	0.002	40
Q17	cold.adapted	23	0.008740693	7.79377	0.0149	0.0016	37
aphla22	heat.adapted	23	0.008784	7.795040867	0.0172	0.0006	42
X13	heat.adapted	23	0.011977907	7.8017424	0.0189	0.0016	37
Z14	heat.adapted	23	0.011619933	7.8257192	0.018	0.0013	50
Z8	heat.adapted	23	0.010673333	7.836892333	0.0175	0.0016	47
S19	cold.adapted	23	0.008621713	7.858981867	0.0153	0.002	40
X15	heat.adapted	23	0.011611973	7.911459467	0.0172	0.0016	50
X16	heat.adapted	23	0.010058667	7.929615067	0.0166	0.0011	32
aphla6	heat.adapted	23	0.01274	7.9342518	0.0192	0.0009	42
S6	cold.adapted	23	0.01055538	7.9345322	0.0165	0.0024	43
S8	cold.adapted	23	0.010046	7.9408818	0.0167	0.0024	40
Z21	heat.adapted	23	0.01205554	7.941558533	0.0194	0.0017	42
X5	heat.adapted	23	0.010484767	7.9515984	0.0173	0.0021	34
O19	cold.adapted	23	0.009567827	8.0066294	0.0161	0.0018	38
aphla5	heat.adapted	23	0.011906667	8.025923733	0.0178	0.0018	44
S10	cold.adapted	23	0.008726667	8.056722867	0.0143	0.0019	44
Z20	heat.adapted	23	0.009832993	8.092359	0.0167	0.0014	41
Q15	cold.adapted	23	0.009343333	8.100641133	0.0151	0.0016	43
O13	cold.adapted	23	0.00963	8.119744667	0.0153	0.0019	42
Z3	heat.adapted	23	0.011460913	8.134719933	0.0167	0.0017	42
Z18	heat.adapted	23	0.008983333	8.197580733	0.0144	0.001	34
Z23	heat.adapted	23	0.01114328	8.198130067	0.0181	0.0016	43
Y11	heat.adapted	23	0.01067784	8.222568733	0.0184	0.0014	30
X22	heat.adapted	23	0.0101009	8.244874533	0.0172	0.0021	38
Y22	heat.adapted	23	0.007756	8.2553926	0.0143	0.0011	38
Z11	heat.adapted	23	0.008272667	8.261481733	0.0158	0.0022	36
aphla11	heat.adapted	23	0.01177206	8.344261333	0.0187	0.0017	49
O23	cold.adapted	23	0.009680667	8.3647914	0.0153	0.0022	22
Y3	heat.adapted	23	0.01097822	8.374151333	0.0166	0.0016	40
aphla17	heat.adapted	23	0.01066424	8.382084867	0.0204	0.0014	36
Q7	cold.adapted	23	0.0100733	8.409236733	0.0145	0.0005	41
P10	cold.adapted	23	0.009019333	8.4124628	0.0154	0.0016	25
aphla23	heat.adapted	23	0.009572	8.468154867	0.0155	0.0015	30
aphla18	heat.adapted	23	0.010746667	8.503176067	0.0188	0.0014	42
R5	cold.adapted	23	0.009554667	8.505113333	0.0153	0.0016	44
Y5	heat.adapted	23	0.011370167	8.538504467	0.0178	0.0012	45
S16	cold.adapted	23	0.009518	8.554884533	0.0167	0.0024	42
Y18	heat.adapted	23	0.011220333	8.568551	0.0176	0.0017	38
X20	heat.adapted	23	0.009227333	8.5735554	0.0147	0.001	40
Z19	heat.adapted	23	0.009406	8.604946133	0.0147	0.0011	20
Y8	heat.adapted	23	0.011626667	8.616362933	0.0175	0.0015	28
R11	cold.adapted	23	0.011705553	8.625726733	0.0184	0.0016	57
X3	heat.adapted	23	0.012791913	8.735427867	0.0194	0.0015	31
Y20	heat.adapted	23	0.010520667	8.789053467	0.017	0.0014	42
R17	cold.adapted	23	0.012175407	8.8816822	0.0187	0.0015	47
P13	cold.adapted	23	0.010184013	8.8964478	0.0156	0.0017	25
R13	cold.adapted	23	0.008672	8.907276267	0.0141	0.0009	34
P17	cold.adapted	23	0.008996667	8.921380467	0.0151	0.0011	38
X11	heat.adapted	23	0.00917382	8.9232676	0.017	0.0013	30
aphla4	heat.adapted	23	0.01015054	8.924613533	0.0156	0.001	45
Y17	heat.adapted	23	0.011193947	8.936894533	0.0172	0.0012	44
Q4	cold.adapted	23	0.009978667	8.947316133	0.0162	0.0016	27
S4	cold.adapted	23	0.0090156	8.993318467	0.0149	0.0022	34
O16	cold.adapted	23	0.006551333	9.0551562	0.0127	0.002	32
aphla12	heat.adapted	23	0.010483207	9.109032267	0.0176	0	31
Y14	heat.adapted	23	0.009538	9.154892867	0.0158	0.0015	31
Y23	heat.adapted	23	0.011738473	9.159572467	0.0178	0.0012	42
aphla8	heat.adapted	23	0.011688173	9.180937333	0.0192	0.0014	29
O6	cold.adapted	23	0.009536	9.1815688	0.0145	0.0017	32
X4	heat.adapted	23	0.009831333	9.195270133	0.0174	0.001	37
S14	cold.adapted	23	0.007356667	9.229244267	0.0135	0.0012	37
aphla21	heat.adapted	23	0.01069428	9.254121533	0.0178	0.0012	35
Q8	cold.adapted	23	0.009932	9.284299867	0.0157	0.0017	23
aphla7	heat.adapted	23	0.010936173	9.311046267	0.0177	0.0013	36
Q23	cold.adapted	23	0.009884	9.3746656	0.0159	0.0019	37
Q12	cold.adapted	23	0.01099212	9.458793933	0.0175	0.0019	45
X23	heat.adapted	23	0.010168587	9.484036067	0.0174	0.0017	37
X21	heat.adapted	23	0.009516	9.523670133	0.0157	0.0017	36
X14	heat.adapted	23	0.007634	9.557957067	0.0144	0.0006	38
aphla14	heat.adapted	23	0.012516387	9.568319533	0.0188	0.001	46
R21	cold.adapted	23	0.010636	9.665024533	0.0156	0.0013	34
X18	heat.adapted	23	0.01195	9.700892667	0.0167	0.0009	35
Y21	heat.adapted	23	0.01005	9.7142662	0.0145	0.0012	33
S12	cold.adapted	23	0.009916	9.791585533	0.0173	0.0025	37
Y19	heat.adapted	23	0.011346667	9.807776333	0.0182	0.0012	36
Q13	cold.adapted	23	0.00921702	9.83731	0.0162	0.0016	32
Q14	cold.adapted	23	0.009427333	9.846200867	0.0156	0.0017	37
R23	cold.adapted	23	0.008995333	9.854169467	0.0173	0.002	40
aphla20	heat.adapted	23	0.008690667	9.902229733	0.0171	0.0013	44
Q10	cold.adapted	23	0.007983333	9.986886333	0.0132	0.0012	33
P8	cold.adapted	23	0.009165333	10.00888053	0.0143	0.001	41
Q3	cold.adapted	23	0.008478667	10.07479027	0.0165	0.0019	40
O3	cold.adapted	23	0.007746	10.0896804	0.0172	0.0016	47
P19	cold.adapted	23	0.009526667	10.13262387	0.0148	0.0021	37
Q11	cold.adapted	23	0.010417233	10.1373998	0.0166	0.0019	34
P3	cold.adapted	23	0.008095333	10.31008453	0.0145	0.0015	27
X17	heat.adapted	23	0.011229693	10.39449787	0.0171	0.0018	29
R15	cold.adapted	23	0.009574273	10.41094807	0.0155	0.0017	31
Q22	cold.adapted	23	0.009873333	10.49004453	0.016	0.0018	47
Q9	cold.adapted	23	0.008774	10.52334247	0.0165	0.0011	28
P11	cold.adapted	23	0.009142	10.56560233	0.0156	0.0016	34
R14	cold.adapted	23	0.008595333	10.56664833	0.0164	0.0012	23
P5	cold.adapted	23	0.00933804	10.58289127	0.0144	0.0016	34
O14	cold.adapted	23	0.009547333	10.6688012	0.015	0.0021	30
Q16	cold.adapted	23	0.010124	10.7007836	0.0165	0.0014	35
Q19	cold.adapted	23	0.007752667	10.72770887	0.0169	0.0017	35
P6	cold.adapted	23	0.011488	10.7408326	0.0167	0.0024	35
Q18	cold.adapted	23	0.008528	10.76758047	0.0138	0.002	29
Q5	cold.adapted	23	0.0092547	10.8570434	0.0146	0.0017	31
X19	heat.adapted	23	0.007745333	10.91142927	0.0176	0.0019	25
O8	cold.adapted	23	0.009755133	10.92099107	0.0152	0.0024	29
P4	cold.adapted	23	0.011079953	10.93914827	0.0161	0.0016	23
R16	cold.adapted	23	0.008592	11.00891247	0.0153	0.0024	33
Q20	cold.adapted	23	0.012710827	11.12721647	0.0185	0.0018	36
R10	cold.adapted	23	0.009272	11.1541788	0.0162	0.0027	45
R4	cold.adapted	23	0.009936793	11.198478	0.016	0.002	38
P7	cold.adapted	23	0.009546	11.2149162	0.0138	0.0011	38
P18	cold.adapted	23	0.00970638	11.23806573	0.0163	0.0023	33
O15	cold.adapted	23	0.009787313	11.24574507	0.0152	0.0022	35
P21	cold.adapted	23	0.009820667	11.30452873	0.0156	0.0012	39
P20	cold.adapted	23	0.00899	11.3140688	0.0153	0.0018	35
O7	cold.adapted	23	0.009797827	11.356875	0.0155	0.0016	38
R20	cold.adapted	23	0.007894	11.42065967	0.014	0.0011	41
O22	cold.adapted	23	0.007368667	11.4363182	0.0148	0.0025	36
R19	cold.adapted	23	0.006853333	11.5210032	0.0156	0.0017	34
O17	cold.adapted	23	0.01068024	11.59449313	0.016	0.0013	43
R12	cold.adapted	23	0.007338667	11.66496333	0.0151	0.0018	36
P15	cold.adapted	23	0.010824667	11.7202156	0.0165	0.0021	36
O5	cold.adapted	23	0.010273333	11.76602507	0.0168	0.0024	27
Q6	cold.adapted	23	0.010500667	12.11269427	0.0162	0.0016	44
P22	cold.adapted	23	0.00976134	12.149172	0.0151	0.0023	43
O12	cold.adapted	23	0.008038667	12.159556	0.0145	0.0021	34
O21	cold.adapted	23	0.010243193	12.36455607	0.0159	0.0022	37
R6	cold.adapted	23	0.009657333	12.46630827	0.016	0.0022	19
O20	cold.adapted	23	0.009714	12.47950227	0.0157	0.0011	34
R3	cold.adapted	23	0.00722	12.493372	0.0164	0.0018	48
O10	cold.adapted	23	0.007429333	12.49693727	0.0139	0.0014	31
P16	cold.adapted	23	0.009924	12.718568	0.0155	0.0018	43
P23	cold.adapted	23	0.009978433	12.7767466	0.0152	0.0011	49
P12	cold.adapted	23	0.009438667	13.35707733	0.0152	0.0019	44
O18	cold.adapted	23	0.008560667	13.39627467	0.0159	0.0024	30
Q21	cold.adapted	23	0.01000514	13.4806348	0.0157	0.0021	42
O9	cold.adapted	23	0.008466667	13.69629333	0.0149	0.0016	38
R22	cold.adapted	23	0.009615273	13.87859333	0.0148	0.0008	37
P9	cold.adapted	23	0.007206667	13.88852533	0.0146	0.0018	38
R18	cold.adapted	23	0.009399207	14.12616867	0.0159	0.002	44
R9	cold.adapted	23	0.007782667	14.40067133	0.0154	0.0013	43
D3	cold.adapted	35	0.013806667	9.3370134	0.0172	0.0035	81
B12	cold.adapted	35	0.019595827	15.031568	0.0165	0.0012	55
N16	heat.adapted	35	0.019112333	16.32150933	0.0181	0.0046	68
B10	cold.adapted	35	0.01366	17.48474467	0.0137	0.0021	45
J7	heat.adapted	35	0.018130067	17.721268	0.0157	0.0024	49
C15	cold.adapted	35	0.0136912	17.78972533	0.014	0.0032	60
K17	heat.adapted	35	0.019060293	17.815488	0.0182	0.0048	56
L17	heat.adapted	35	0.01640474	21.038458	0.0169	0.0033	69
J15	heat.adapted	35	0.01658	21.10240533	0.0143	0.0026	54
N10	heat.adapted	35	0.0158	21.58278533	0.0168	0.0043	65
B5	cold.adapted	35	0.014429893	21.82591933	0.0146	0.0024	62
K21	heat.adapted	35	0.020096867	22.45761	0.0174	0.0041	63
N3	heat.adapted	35	0.015595593	22.70024067	0.0179	0.0041	65
C9	cold.adapted	35	0.01428238	22.77115533	0.017	0.003	42
N11	heat.adapted	35	0.017276047	22.89985067	0.0175	0.0037	63
E15	cold.adapted	35	0.015115417	22.994637	0.015	0.0034	34
D15	cold.adapted	35	0.01458004	23.20435333	0.0164	0.0039	67
K12	heat.adapted	35	0.0185759	23.20933867	0.0171	0.0038	59
N5	heat.adapted	35	0.016246653	23.389642	0.0162	0.0037	47
J3	heat.adapted	35	0.01624	24.12143933	0.0148	0.0025	65
E12	cold.adapted	35	0.0192	24.29270667	0.0156	0.0032	41
D8	cold.adapted	35	0.01608	24.40167867	0.0165	0.003	66
E13	cold.adapted	35	0.015816667	24.511175	0.0152	0.0029	43
K4	heat.adapted	35	0.01824986	24.55092	0.0189	0.0042	69
K10	heat.adapted	35	0.019381753	24.56425733	0.0173	0.0038	67
D9	cold.adapted	35	0.015570273	24.682798	0.0181	0.0038	66
L7	heat.adapted	35	0.019517813	24.72372733	0.0172	0.003	79
J12	heat.adapted	35	0.017317413	24.77335933	0.0144	0.003	48
L9	heat.adapted	35	0.01633	24.82508667	0.0167	0.0023	66
L4	heat.adapted	35	0.0218454	24.889482	0.0179	0.0033	80
C10	cold.adapted	35	0.01801572	24.92739333	0.016	0.0033	56
K7	heat.adapted	35	0.01927916	25.03797	0.0155	0.0034	50
C17	cold.adapted	35	0.019303207	25.59863333	0.018	0.0034	51
N7	heat.adapted	35	0.016772667	25.653922	0.0178	0.004	68
E9	cold.adapted	35	0.015565083	25.754085	0.0153	0.0025	30
D6	cold.adapted	35	0.015962053	25.767312	0.0156	0.0034	60
N12	heat.adapted	35	0.0203962	26.008498	0.0186	0.0044	39
L12	heat.adapted	35	0.021213327	26.11306	0.0174	0.0037	78
C7	cold.adapted	35	0.015409247	26.23348467	0.0145	0.0029	71
K16	heat.adapted	35	0.015907447	26.233924	0.0168	0.0038	74
N14	heat.adapted	35	0.015292053	26.34760267	0.0165	0.0032	66
J17	heat.adapted	35	0.019893333	26.35356867	0.0151	0.003	54
J11	heat.adapted	35	0.01741044	26.74293533	0.0159	0.0032	63
L15	heat.adapted	35	0.01731362	26.89511733	0.016	0.0029	73
J13	heat.adapted	35	0.01712	27.01975867	0.0145	0.0024	63
K14	heat.adapted	35	0.018490693	27.210486	0.0184	0.0047	63
D10	cold.adapted	35	0.015546667	27.357256	0.0149	0.0028	60
L13	heat.adapted	35	0.017106667	27.50508933	0.0161	0.0029	76
C3	cold.adapted	35	0.013486667	27.522382	0.0145	0.0017	61
N13	heat.adapted	35	0.015581927	27.55354133	0.0155	0.0028	68
E14	cold.adapted	35	0.01375	27.81046	0.0155	0.0039	41
D12	cold.adapted	35	0.013713333	27.81979	0.0155	0.0029	56
C12	cold.adapted	35	0.013753833	27.84031733	0.0164	0.0037	47
E17	cold.adapted	35	0.015233333	28.104625	0.0151	0.0029	49
N18	heat.adapted	35	0.014646667	28.28030333	0.0156	0.0029	68
L11	heat.adapted	35	0.01856	28.33008467	0.0181	0.0034	85
N6	heat.adapted	35	0.02043774	28.40993067	0.0192	0.0037	67
K6	heat.adapted	35	0.018669327	28.68325867	0.0192	0.004	71
D16	cold.adapted	35	0.014405887	28.896808	0.0148	0.0026	61
D11	cold.adapted	35	0.014933333	28.90606733	0.0151	0.0027	72
N20	heat.adapted	35	0.017592613	28.914366	0.019	0.0037	44
N8	heat.adapted	35	0.01555486	28.932884	0.0163	0.0036	50
E4	cold.adapted	35	0.016184833	28.991115	0.0156	0.0033	37
K13	heat.adapted	35	0.01492204	29.07772533	0.0152	0.0041	48
L14	heat.adapted	35	0.019906667	29.091256	0.0167	0.0028	77
N15	heat.adapted	35	0.016737427	29.23678	0.0171	0.0032	64
F23	cold.adapted	35	0.015091173	29.47989867	0.0164	0.0039	55
K11	heat.adapted	35	0.016951413	29.48383133	0.0154	0.0039	57
L23	heat.adapted	35	0.01546	29.514184	0.017	0.0034	77
C5	cold.adapted	35	0.016781507	29.56912333	0.0146	0.0018	76
D21	cold.adapted	35	0.01594626	29.58385467	0.0168	0.0033	81
E21	cold.adapted	35	0.0181	29.61666883	0.0183	0.0036	56
C20	cold.adapted	35	0.016019227	30.058394	0.0154	0.003	53
K9	heat.adapted	35	0.016440027	30.064538	0.0171	0.0042	58
D13	cold.adapted	35	0.013813333	30.21683067	0.0133	0.0021	54
L5	heat.adapted	35	0.016210473	30.42551333	0.0169	0.0038	81
D4	cold.adapted	35	0.015486667	30.430886	0.0138	0.0022	60
E16	cold.adapted	35	0.0164072	30.58929333	0.0168	0.0037	45
N22	heat.adapted	35	0.015240547	30.70232067	0.0163	0.0033	64
L10	heat.adapted	35	0.01900938	30.97282133	0.0183	0.0034	82
J23	heat.adapted	35	0.016626167	31.116372	0.0155	0.0037	56
C14	cold.adapted	35	0.016526667	31.19861067	0.0166	0.0032	56
D18	cold.adapted	35	0.012662347	31.25742667	0.0145	0.0037	46
K20	heat.adapted	35	0.017930607	31.32788333	0.0182	0.0043	78
C21	cold.adapted	35	0.017279187	31.438766	0.0174	0.0036	69
N9	heat.adapted	35	0.021173333	32.058888	0.0188	0.0048	59
D14	cold.adapted	35	0.017886667	32.19854133	0.0169	0.0031	81
E22	cold.adapted	35	0.0183	32.26682667	0.0148	0.0033	28
E19	cold.adapted	35	0.0159	32.41242967	0.0158	0.0038	34
C11	cold.adapted	35	0.01569688	32.48239733	0.0153	0.0022	49
E20	cold.adapted	35	0.0163	32.59316333	0.0162	0.003	38
L8	heat.adapted	35	0.01912774	32.61149067	0.0173	0.003	83
K5	heat.adapted	35	0.01753092	32.66779133	0.0166	0.0038	67
F22	cold.adapted	35	0.01495762	32.802602	0.0167	0.003	39
E3	cold.adapted	35	0.01822485	32.94513833	0.0173	0.0035	31
L20	heat.adapted	35	0.017193333	33.02412467	0.0153	0.0031	85
L16	heat.adapted	35	0.018416033	33.18953467	0.0161	0.0029	84
D19	cold.adapted	35	0.0168399	33.31955533	0.0156	0.0025	58
N21	heat.adapted	35	0.013921313	33.42098267	0.0157	0.0033	68
C16	cold.adapted	35	0.015415167	33.66583667	0.016	0.0028	50
J9	heat.adapted	35	0.016686553	33.75937267	0.015	0.0026	53
L3	heat.adapted	35	0.018185533	33.82696667	0.0172	0.0025	81
K23	heat.adapted	35	0.014881133	33.882976	0.0138	0.0041	51
J4	heat.adapted	35	0.022510553	33.89604733	0.0166	0.003	60
B11	cold.adapted	35	0.015420693	34.01344067	0.0162	0.0028	55
C4	cold.adapted	35	0.01472	34.616354	0.0152	0.0032	62
K15	heat.adapted	35	0.01587744	34.76281333	0.0148	0.0033	58
L21	heat.adapted	35	0.020766667	34.791686	0.0182	0.0037	79
L18	heat.adapted	35	0.01800066	34.93272133	0.0181	0.0042	71
J6	heat.adapted	35	0.016316693	35.24669333	0.0156	0.0033	60
J19	heat.adapted	35	0.01662	35.32052867	0.0152	0.0029	57
K19	heat.adapted	35	0.022107413	35.326132	0.0178	0.0039	59
L6	heat.adapted	35	0.02273	35.41377067	0.0192	0.0033	64
C13	cold.adapted	35	0.018025647	35.61528067	0.0175	0.0031	51
J8	heat.adapted	35	0.01770386	35.627288	0.0149	0.0029	60
N19	heat.adapted	35	0.015108427	35.76975067	0.0172	0.0043	54
N17	heat.adapted	35	0.01457868	35.84083667	0.0171	0.0032	57
N23	heat.adapted	35	0.016954373	35.95934333	0.0173	0.0041	74
L19	heat.adapted	35	0.013567427	36.05324	0.0155	0.0035	63
N4	heat.adapted	35	0.016739147	36.144926	0.0164	0.0027	79
J21	heat.adapted	35	0.01811882	36.293548	0.0143	0.0024	62
J14	heat.adapted	35	0.018566667	36.601798	0.0143	0.0018	62
D17	cold.adapted	35	0.016673333	36.80398667	0.0169	0.003	64
K8	heat.adapted	35	0.018871407	36.83094067	0.019	0.0048	77
J20	heat.adapted	35	0.016641647	37.32473733	0.0153	0.003	57
C8	cold.adapted	35	0.016596487	37.432562	0.0158	0.003	59
L22	heat.adapted	35	0.018325667	38.10274733	0.017	0.0031	77
K3	heat.adapted	35	0.016251407	38.41418533	0.0147	0.003	68
J10	heat.adapted	35	0.015154413	38.799808	0.0143	0.0026	56
D20	cold.adapted	35	0.016242673	38.802102	0.0166	0.0029	64
J18	heat.adapted	35	0.018344293	38.875668	0.0135	0.002	61
D5	cold.adapted	35	0.01496	39.11251467	0.0161	0.0024	68
F20	cold.adapted	35	0.0139931	39.125754	0.0172	0.0043	54
J5	heat.adapted	35	0.020826833	39.16857533	0.0166	0.0026	70
D23	cold.adapted	35	0.01504	39.617906	0.0158	0.0027	40
F21	cold.adapted	35	0.013605133	39.671212	0.0165	0.0047	60
C22	cold.adapted	35	0.0163072	40.889236	0.0159	0.0034	63
J16	heat.adapted	35	0.016591373	41.45969533	0.0139	0.0029	47
K18	heat.adapted	35	0.019154333	42.25927267	0.0185	0.0048	66
C18	cold.adapted	35	0.014432807	44.37304933	0.0152	0.003	64
J22	heat.adapted	35	0.02042	45.15347933	0.016	0.003	57
C19	cold.adapted	35	0.012015467	45.20819467	0.0126	0.0022	49
C6	cold.adapted	35	0.014986667	45.27791333	0.0151	0.0031	48
K22	heat.adapted	35	0.0174299	46.33525867	0.0164	0.0037	55
C23	cold.adapted	35	0.015110867	46.82505	0.0149	0.0018	48
D22	cold.adapted	35	0.017188747	47.71128	0.0146	0.0023	63
D7	cold.adapted	35	0.01548888	49.18246067	0.0146	0.0018	41
