Pop	Food	Muscle_Width	Body_Width	Body_Length	Tail_length	Body_depth	Muscle_depth	Tail_depth
1	U	1.8	8.2	11.79	27.93	7.3	2.6	6.5
1	U	1.7	9	12.63	27.89	7.5	2.5	7.3
1	U	1.8	8.4	12.05	28.24	7	2.5	6.9
1	U	2.2	9.2	12.79	26.92	8.2	2.7	7.3
1	U	2.3	9.4	12.07	23.79	7.8	3.2	8.3
1	U	2	8.6	12.33	26.22	7.3	2.5	7
1	U	2	8	12.42	31.86	6.9	2.5	7
1	U	1.6	8	11.44	26.28	7.3	2.4	6.8
1	U	2	8.7	12.49	28.76	7.3	2.6	7.5
1	U	2.1	8	11.26	24.9	6.9	2.9	6.5
1	U	1.7	8.2	11.65	26.46	7.5	2.3	6.8
1	U	1.8	8	12.4	25.1	7.2	2.5	7.3
1	U	1.8	8.5	12.57	27.18	7.7	2.3	6.7
1	U	2	8.5	12.72	28.87	7.3	2.4	7.1
1	U	2.2	8	11.98	29.09	7.2	2.6	6.7
1	U	2	8.6	12.8	27.76	7.5	2.6	6.8
1	U	2	9.8	12.48	28.15	8.8	2.6	7.5
1	U	1.8	7.9	11.16	23.64	6.7	2.4	6.8
1	R	1.1	6.8	10.05	20.11	6.7	1.7	4.7
1	R	1.4	7.2	9.92	22.25	6.4	2	5.5
1	R	1.4	7	10.18	19.75	6.2	1.8	5.2
1	R	1.3	6.9	9.24	18.66	6.3	1.8	5.2
1	R	1.2	7.2	9.67	18.92	6.7	1.8	6
1	R	1.3	6.8	9.36	19.15	5.6	1.6	4.9
1	R	1.4	6.2	8.81	17.36	5.5	1.5	4.9
1	R	1.3	6.3	9.73	19.45	5.8	1.7	5.1
1	R	1.4	7.6	10.86	20.85	6.4	1.9	5.6
1	R	1.4	6.6	9.72	19.42	5.9	1.7	5.5
1	R	1.2	7.5	10.79	23.13	6.3	2	6.3
1	R	1.3	6.8	10.11	20.33	6.1	1.7	5.2
1	R	1.5	7	11.45	19.84	6.4	2.1	6.4
1	R	1.1	7	10.13	19.7	6.3	1.7	5.3
1	R	1.3	7	9.9	19.43	6.3	2	5.7
1	R	1.3	6.3	9.16	17.71	5.7	1.6	5
1	R	1.4	7.2	11.05	20.94	6.7	1.9	6
1	R	1.4	7.1	10.45	24.14	6.2	2.1	6.1
1	R	1.3	7	10.64	19.63	6.1	2.1	6
2	U	1.9	9	11.79	26.54	7.7	2.3	6.9
2	U	2.2	8.8	13.31	28.22	7.3	2.7	8.6
2	U	1.8	7.2	10.8	28.22	5.9	2.3	6.2
2	U	2.2	8	12.15	27.69	7	2.9	6.9
2	U	2.4	8.3	12.29	28.81	7.5	2.7	7.7
2	U	2.4	7.9	10.53	27.11	7	3	7.1
2	U	2	8	12.53	27.85	7	2.5	7.3
2	U	2	8	11.99	26.89	7.3	2.5	7.1
2	U	2	7.2	11.85	29.77	6.3	2.4	6.1
2	U	1.8	8.2	11.5	27.8	7	2.7	7.2
2	U	2.3	8.3	12.69	30.21	6.8	2.7	7.6
2	U	2.3	9.3	12.77	28.55	8	3.5	9.8
2	U	2.2	9.4	12.33	25.76	8.1	2.7	7.8
2	U	1.9	8.5	12.54	24.34	7	2.6	7.1
2	U	2.2	8.4	12.04	26.8	7.1	3.1	7.9
2	U	1.6	8.3	12.37	27.19	7.4	2.6	7.2
2	U	2.1	7.7	11.54	28.56	6.9	2.5	6.5
2	U	2	8.8	12.69	27.8	7.6	2.8	7.4
2	U	1.9	7	12.01	26.23	6.1	2.5	6.3
2	R	1.4	7.8	11.28	22.41	6.7	2	6.2
2	R	1.6	7.3	10.63	22.57	6.5	2	6.5
2	R	1.5	7.4	10.99	21.04	6.5	2	7
2	R	1.4	6.4	9.75	21.24	5.6	2	5.5
2	R	1.5	6.6	10.91	24.54	5.7	2	6
2	R	1.3	6.7	10.98	21.21	5.9	2	6.2
2	R	1.5	6.7	10.07	22.22	6	1.7	5.6
2	R	1.5	8	11.3	26.68	7	2.3	7.3
2	R	1.3	7.4	10.84	23.52	6.7	2.1	6.7
2	R	1.4	7.3	11.24	23.26	6.6	2.1	6.6
2	R	1.6	7	10.58	20.98	6.2	2	5.7
2	R	1.4	6.7	10.2	23.38	6.7	2.1	6.5
2	R	1.6	7.1	10.84	21.82	6.7	2.1	6.5
2	R	1.6	7.5	10.84	23.8	6.3	2.1	5.9
2	R	1.4	6.8	11.34	24.56	5.8	2	5.8
2	R	1.6	7.1	11.3	24.09	6.2	2	6
2	R	1.5	6.4	10.82	22.78	5.3	2.1	6.1
2	R	1.5	6.3	9.74	16.28	6.1	2.1	5.7
2	R	1.3	6.9	9.96	21.99	6	2	6.3
2	U	2.5	9	12.68	31.65	7.9	3.1	9.2
3	U	1.7	7.5	10.81	20.13	6.1	2.2	5.7
3	U	2	8.6	12.57	26.43	7.2	2.8	7.6
3	U	1.4	7.6	11.19	22.27	6.3	2.3	5.9
3	U	1.8	8.1	12.22	25.75	7	2.2	6.9
3	U	2.2	9.3	13.31	30.7	8.5	3.2	9.3
3	U	2.4	9.8	13.86	28.53	8	3.1	8.9
3	U	1.6	7	10.78	27.37	5.8	2.5	6.7
3	U	2.3	10	12.34	23.6	8.3	2.7	8.4
3	U	1.5	6.7	11.23	23.93	5.5	2.2	5.4
3	U	2.1	10	13.76	27.99	8.9	3.1	8.1
3	U	1.9	8.8	12.76	27.52	7.3	2.6	7.6
3	U	1.5	7.1	11.35	24.88	5.5	2.5	6.9
3	U	1.9	7.4	11.55	26.16	6.2	2.5	7.5
3	U	1.8	8	11.27	26.5	6.3	2.5	7.7
3	U	1.3	6.4	10.26	21.15	5.1	2	5.9
3	U	1.7	7.3	11.41	24.47	6.2	2.4	6.5
3	U	1.8	8.1	11.06	25.1	6.8	2.4	7.2
3	U	1.8	8.4	11.55	28.56	7.3	2.7	7.8
3	R	1.5	6.5	10.23	19.46	5.6	2	6
3	R	1.6	7.5	11.84	20.86	6	1.9	5.8
3	R	1.4	7.5	11.78	23.67	6.4	2.2	6.2
3	R	1.3	6.7	10.86	19.13	5.7	1.9	5.1
3	R	1.7	7.9	12.34	22.71	6.5	2.1	6.5
3	R	1.8	7.8	11.78	21.52	5.8	2.1	6.8
3	R	1.5	7.4	11	20.81	6.1	2	6.1
3	R	1.5	6.9	10.95	19.16	6	2	5.7
3	R	0.9	6.4	9.6	18.32	5.6	1.3	4.7
3	R	1.3	6	8.95	16.29	4.8	1.6	5
3	R	1.4	6.7	11.75	18.16	5.9	1.8	5.4
3	R	1.6	7.7	10.21	19.73	6.8	2	6.2
3	R	1.8	7.3	9.8	18.45	6.2	1.7	5.7
3	R	1.5	6.2	9.92	17.27	5.4	1.7	5.2
3	R	1.1	5.8	9.01	16.08	4.9	1.6	4.8
3	R	1.2	6.2	9.18	19.48	5.5	1.7	5.3
3	R	1.2	5.6	8.62	16.98	4.8	1.5	4.5
3	R	1.2	6.6	10.47	21.89	5.9	2.1	6.3
3	R	1.6	7.2	11.09	15.78	6.5	1.2	5.6
3	R	1.5	5.9	8.56	16.23	5	1.6	4.6
4	U	2.2	8	12.8	28.61	7.2	2.5	7
4	U	2.2	8	11.14	24.8	7.1	2.7	7.5
4	U	1.9	8.8	13.58	27.14	7.7	2.6	7.1
4	U	2.5	8.3	12.01	31.66	7.2	2.9	7.1
4	U	2.4	8.9	13.72	28.56	6.5	2.7	7.4
4	U	2.2	8.1	12.79	27.25	6.5	2.5	7.5
4	U	2.1	9.2	12.91	29.4	7.7	2.7	8.2
4	U	2.4	8.6	13.77	28.33	7.6	2.5	7.5
4	U	1.9	8.9	13.06	29.32	8.3	2.6	7.2
4	U	2	7	9.41	22.57	6.1	2.3	6.5
4	U	2	8.9	11.81	29.83	7.4	2.8	7.4
4	U	2.3	8	12.52	30.26	7.2	2.7	7.3
4	U	1.9	7.8	9.32	24.46	7	2.4	7.1
4	U	2.5	9.4	11.97	30.76	8.1	3.1	8.1
4	U	2.4	7.8	12.58	31.76	6.8	2.7	8.1
4	U	1.8	8	11.86	29.57	6.7	2.3	7.1
4	R	1.6	8	11.12	22.92	6.8	2.1	6.5
4	R	1.8	7.2	11.46	23.63	6	2.3	6.4
4	R	1.4	7.3	11	23.18	6	2.1	6.1
4	R	1.6	7.5	11.16	22.28	6.2	2.1	5.8
4	R	1.5	6.5	9.38	21.06	5.6	1.7	4.9
4	R	1.5	6.8	9.9	24.19	5.7	2.1	6
4	R	1.2	6.3	9.84	19.23	5.4	1.8	5
4	R	1.6	7.6	11.66	23.32	6.2	2.2	6.3
4	R	1.5	6.8	10.49	21.46	5.2	2.1	6.2
4	R	1.5	7.5	10.54	22.52	6.2	2	6.1
4	R	1.7	8	11.63	22.02	6.8	2.4	6.5
4	R	1.7	6.9	10.51	23.5	5.8	2	5.4
4	R	1.5	6.2	9.16	23.54	5.3	2	5.2
4	R	1.2	6.7	11.35	19.52	5	2	5.6
4	R	1.5	7.7	11	22.77	6.5	2.4	6.6
4	R	1.6	7.9	10.7	24.31	6.5	2.4	6.4
4	R	1.6	7.2	9.9	23.36	6.1	2.3	6.1
4	R	1.5	7.2	9.81	22.53	6	2.1	6
5	U	1.9	9.1	11.96	30.27	7.5	2.8	7.8
5	U	2	8.7	11.77	27.52	7.7	2.8	8.5
5	U	2.1	8.2	11.19	27.61	7.1	2.6	7.4
5	U	2	8.4	12.51	31.17	7.3	2.8	7.3
5	U	1.8	9.3	12.11	26.23	7.9	2.6	7.9
5	U	1.7	7.8	10	27.7	7	2.5	7
5	U	1.9	7.9	10.86	26.17	6.4	2.5	7.4
5	U	2	9.6	12.91	31.29	8.2	3	8.1
5	U	2	7.4	11.49	27.83	6.6	2.6	6.7
5	U	2	9.5	12.98	28.95	8.6	2.8	8
5	U	2.1	8.6	12.21	30	7.1	3.1	8
5	U	1.9	8	12.86	27.17	7.2	2.3	6.6
5	U	2.1	9.4	12.9	28.55	8.3	3.1	8.5
5	U	2.2	9.4	13.39	31.16	8.3	3	8.7
5	U	1.8	8.6	13.26	28.48	7.5	2.8	7.3
5	U	2.1	9.1	14.2	33.23	7.9	3.1	8.5
5	U	2	9	12.85	30.67	7.6	2.8	8
5	U	2.1	8.6	12.75	29.56	7.8	2.8	8
5	R	1.6	6.8	10.68	21.87	5.3	2.1	6.3
5	R	1.5	6.3	9.78	20.51	4.8	2	5.2
5	R	1.4	7.2	10.24	22.46	6.6	2	6
5	R	1.3	6.3	10.02	20.28	5.2	1.9	5.4
5	R	1.3	6.3	9.68	30.98	5.6	2	5.5
5	R	1.4	6.7	8.45	20.22	5.5	1.9	5.3
5	R	1.7	8	10.77	21.13	6.8	2.1	6.2
5	R	1.6	7.6	9.85	21.23	6.5	2	6.7
5	R	1.4	6	8.85	18	5	1.9	5.3
5	R	1.4	7.3	11.09	21.99	6.3	2.3	6.6
5	R	1.4	7	10.59	21.16	6.2	1.8	5.5
5	R	1.3	6.5	9.49	18.19	5.1	2	5.4
5	R	1.3	7.6	10.75	21.68	6.6	2.5	6.2
5	R	1.8	7.5	9.66	23.37	6.2	2.1	5.9
5	R	1.5	7.9	10.68	20.31	6.8	2.1	6.6
5	R	1.7	7.5	11	21.95	6.5	2.2	7.3
5	R	1.5	6.8	9.43	21.46	6.5	2	5.7
5	R	1.5	6.3	10.12	20.85	5.3	2.1	5.2
5	R	1.5	7.5	10.96	24.76	6.4	2.1	6.3
6	U	2.3	9.6	14.05	30.92	8.3	3.2	8.3
6	U	2	8	12.71	28.71	6.9	2.7	7.6
6	U	2	8.7	12.61	27.32	7.6	2.5	7.7
6	U	2	7.1	11.24	28.67	6	2.6	6.8
6	U	2.2	9	13.05	27.82	8	2.8	8.8
6	U	1.7	8	12.51	27.84	6.9	2.4	7.2
6	U	1.7	8	11.55	24.01	7	2.5	7.2
6	U	1.8	8.7	14.45	27.63	7.9	2.2	7.3
6	U	2.1	9	12.95	24.35	8	3.2	7.7
6	U	2	9	12.16	28.59	7.6	2.6	7.7
6	U	2	8.5	12.46	31.31	7.1	2.8	7.8
6	U	2.2	9	13.48	30.65	7.6	2.9	8
6	U	1.9	8.6	11.41	27.24	7.6	2.7	8
6	U	1.8	8.3	12.85	26.49	7.3	2.5	7.4
6	U	2	8.7	13.52	28.79	8	2.5	7.4
6	U	1.9	9.8	13.81	30.82	8	2.9	8.3
6	U	2.1	9.1	12.89	27.94	7.5	2.9	7.6
6	U	2	8.5	11.91	26.52	6.5	2.7	7.5
6	U	2	9.1	13.02	29.21	8	2.9	8.4
6	R	1.5	7.1	9.12	18.65	6.1	1.9	5.5
6	R	1.6	6.7	10.32	23.01	5.5	2.1	5.4
6	R	1.5	7.5	10.9	24.15	6.7	2.1	6
6	R	1.5	7.5	10.73	23.13	7.1	2.3	6.8
6	R	1.3	6.6	10.05	21.04	5.6	1.8	5.1
6	R	1.5	8.3	12.28	25.92	7	2.2	7.1
6	R	1.5	7.8	11.66	20.87	6.8	2.1	6.5
6	R	1.3	6	9.76	18.67	4.9	2	4.7
6	R	1.5	7.3	11	23.32	6.3	2.4	6.3
6	R	1.5	7.4	11.52	21.78	6.4	2	6.1
6	R	1.6	8.1	12.36	25.2	7	2.3	7.1
6	R	1.4	7.6	11.04	22.93	6.7	2.2	6.6
6	R	1.3	7.5	11.05	22.09	6.2	2.2	6.7
6	R	1.4	7.8	11.5	24.99	6.3	2.1	6.1
6	R	1.4	7.7	11	23.97	7	2.1	5.9
6	R	1.3	7.1	10.11	24.58	6.1	2.1	5.9
6	R	1.5	7.8	11.11	21.98	6.9	2	6.5
6	R	1.5	7.2	10.77	21.78	6.2	2.1	6.2
7	U	2.3	8.4	13.05	30.33	7.7	2.8	7.8
7	U	2.4	10	13.54	30.64	9	2.9	8
7	U	2.2	9.7	12.76	27.76	8.5	2.9	8.5
7	U	2.5	9	12.8	29.96	7.3	2.8	7.8
7	U	2	7.7	11.47	27.39	6.7	2.5	7
7	U	2.5	10	15.04	30.11	8.8	3.2	8.7
7	U	2.3	10.1	15.09	31.57	9	3	8.5
7	U	1.9	8.8	12.37	25.05	7.5	2.4	7.7
7	U	1.9	7.8	12.41	28.46	7	2.3	7.1
7	U	1.9	8.6	12.31	25.95	7.5	2.4	7.1
7	U	2.1	9.2	13.59	29.53	8.1	2.8	7.3
7	U	2	10	13.45	26.95	8.8	2.5	9
7	U	2	8.9	12.07	26.27	8.1	2.6	7.2
7	U	2	9.5	14.04	28.64	8.5	2.7	8.4
7	U	1.7	8.5	13.85	25.56	7.5	2.3	7.2
7	U	1.8	9.8	13.5	29.13	9	3.1	8.7
7	U	1.9	9.6	13.01	25.75	8.3	2.8	8.3
7	U	2.1	9.3	13.94	30.39	7.8	2.8	8.4
7	R	1.7	7.5	10.83	20.02	6.4	2.1	6.4
7	R	1.6	8.4	11.94	21.24	7.3	2.2	6.4
7	R	1.5	8	11.97	23.1	6.5	2.1	6.6
7	R	1.5	7	10.48	22.07	6.2	2.2	7
7	R	1.5	7	10.66	21.48	6	2	6.1
7	R	1.6	7.3	11.76	22.88	6.5	2.2	7.3
7	R	1.4	7.7	11.35	19.95	6.5	2	6.3
7	R	1.5	6.5	9.93	20.97	5.7	1.9	6.1
7	R	1.8	8	11.16	22.52	6.5	2.2	7
7	R	1.3	7.4	10.45	18.47	6.8	2.2	6.2
7	R	1.6	7.5	11.64	21.1	6.1	2.2	6.7
7	R	1.5	7.5	10.29	20.11	6.7	2	6
7	R	1.3	7	9.09	17.98	6.5	2.1	6.1
7	R	1.6	7.4	11.28	21.4	6.5	2	6.8
7	R	1.5	6.8	10.13	20.66	6	1.9	5.5
7	R	1.7	7.9	11.83	21.25	7	2.3	6.8
7	R	1.7	7	10.77	18.11	6.1	1.9	5.9
7	R	1.7	7	11.13	22.48	6.1	2.3	6.3
7	R	1.5	8.1	11.93	21.7	7	2.1	7.6
8	U	1.8	8.7	11.67	24.88	7.3	2.3	7.2
8	U	2.3	9.4	14.13	27.89	7.8	2.7	8.5
8	U	2	10.4	13.81	26.6	9	2.6	8.3
8	U	2	8.5	12.24	25.14	6.9	2.3	8
8	U	2	8.9	12.36	25.65	7.6	2.8	9
8	U	2.2	8	11.43	27.3	7.3	2.6	7.5
8	U	2.2	9.7	13.61	27.61	8.4	3	8.9
8	U	2.3	9.5	14.13	26.77	8.3	2.8	9.5
8	U	2	9.2	12.22	23.97	7.9	2.5	7.9
8	U	2.3	9.5	13.24	27.21	7.7	2.7	8.7
8	U	2.2	9	12.67	24.5	7.7	2.3	8
8	U	2.2	9.5	12.97	31.55	7.8	2.6	9
8	U	2.2	9.9	14.08	28.25	8.3	2.6	8.5
8	U	2.2	9.5	13.87	28.74	8.2	2.8	8.5
8	U	2	9.2	13.18	25.63	7.7	2.6	8.6
8	U	1.9	9	12.38	26.44	8	2.5	7.4
8	U	2.3	9.3	12.85	28.29	7.5	2.9	9.2
8	U	1.9	9.4	12.52	26.19	8.8	2.2	7.4
8	U	1.9	9.5	12.94	24.98	8.8	2.4	7.5
8	U	2.3	9.5	13.73	28.18	8	2.8	9.2
8	R	1.3	6.7	9.41	18.77	5.8	1.9	6.2
8	R	1.6	8	10.72	20.69	6.7	2	6.1
8	R	1.7	8.7	11.06	20.33	8	2.2	7
8	R	1.3	8	10.6	19.44	7	2	6
8	R	1.4	7.5	9.9	18.76	6	1.8	5.8
8	R	1.5	8.6	11.26	21.14	7.3	2.3	7.7
8	R	1.4	6.7	9.79	20.17	5.6	1.9	5.5
8	R	1.6	8.6	10.43	22.1	7.4	2.2	7
8	R	1.5	7.6	11.17	20.55	6.6	2.2	7.1
8	R	1.5	8.4	11.22	19.9	7.3	2.1	7
8	R	1.5	8.1	10.84	20.5	7	2.2	6.5
8	R	1.4	8	10.79	19.57	6.9	1.9	6.3
8	R	1.3	7.1	8.97	19.49	6.4	1.9	5.5
8	R	1.3	8	10.82	22.06	6.9	2.2	7
8	R	1.5	8	10.79	23.22	7.4	2.2	7.1
8	R	1.4	8.2	10.4	19.93	7	2.1	6.9
8	R	1.2	7.3	10.02	19.11	6.3	2.1	6
8	R	1.6	8.6	11.29	21.72	6.9	2.4	7.5
8	R	1.3	7.5	10.24	19.14	6.4	1.9	6.2
8	R	1.2	7.2	9.88	19.1	6.3	1.8	6.5